11 11
14 13
19 15
24 17
30 19
33 19
36 21
39 21
41 21
42 21
44 22
52 22
61 22
72 23
78 24
87 24
92 26
100 26
103 26
108 28
111 28
113 28
116 28
118 28
124 28
132 28
137 28
145 28
154 30
162 32
170 32
173 33
179 35
180 35
183 35
185 35
185 36
185 37
185 41
183 44
179 47
179 50
177 54
172 59
168 64
164 68
161 70
160 73
155 74
153 77
150 79
145 81
141 85
128 93
119 99
112 105
106 111
96 115
92 119
88 123
84 126
81 128
76 131
72 134
71 136
69 138
66 140
63 141
61 143
59 145
58 145
57 147
55 148
54 148
53 150
49 151
46 155
43 156
37 160
31 164
25 168
16 175
10 179
4 183
2 185
2 187
2 188
6 192
10 192
16 196
27 196
39 197
48 199
59 201
70 203
81 203
92 205
97 207
103 207
108 207
111 209
113 209
116 209
117 209
120 209
122 209
124 209
126 209
127 209
128 209
129 209
134 209
139 209
143 209
151 209
154 209
159 209
162 209
165 209
170 209
173 209
176 209
177 209
178 209
180 209
181 209
